20220615 220100;11646.25;11667.25;11646.25;11653;362
20220615 220200;11654.25;11658;11654;11654.25;132
20220615 220300;11655.25;11661.5;11655.25;11660;134
20220615 220400;11660.25;11661;11658.5;11659.5;33
20220615 220500;11659.5;11661;11657.25;11660.25;50
20220615 220600;11659.75;11661;11657.5;11660;57
20220615 220700;11659.75;11662.75;11659.5;11662.75;82
20220615 220800;11661.75;11662.25;11660.75;11661.25;71
20220615 220900;11660.75;11663.5;11660.25;11663;69
20220615 221000;11663.5;11667.75;11662.75;11666.5;98
20220615 221100;11666;11675.75;11665.25;11674.75;206
20220615 221200;11674.75;11676;11672.5;11673.75;93
20220615 221300;11673.5;11678;11673.5;11677.5;56
20220615 221400;11676.5;11679;11674.75;11676.5;85
20220615 221500;11677.5;11684.75;11676.5;11682.75;143
20220615 221600;11683.25;11694.25;11682;11692.5;306
20220615 221700;11692;11703;11691;11702.75;337
20220615 221800;11703.5;11704.5;11698.5;11703.75;214
20220615 221900;11703.75;11706.25;11701.75;11702.25;234
20220615 222000;11701.5;11708.75;11701;11707.25;249
20220615 222100;11706.25;11708.25;11703.75;11704.5;155
20220615 222200;11704.75;11705;11698.25;11699.5;224
20220615 222300;11699.25;11700.5;11697;11699;105
20220615 222400;11699;11699.25;11695.75;11696.25;63
20220615 222500;11696.5;11699.75;11696.5;11698.25;81
20220615 222600;11699.5;11702.25;11697.75;11698.5;63
20220615 222700;11698.75;11699.5;11694.25;11696.75;79
20220615 222800;11696.75;11702.5;11696.5;11702.25;58
20220615 222900;11701.75;11703.25;11700.75;11701.25;87
20220615 223000;11701.5;11702.5;11698.25;11702.25;106
20220615 223100;11703.5;11706.5;11700.25;11701;103
20220615 223200;11701.5;11702;11694.75;11696.25;122
20220615 223300;11695;11700;11695;11700;68
20220615 223400;11700.5;11703.25;11698.5;11699.75;110
20220615 223500;11700;11700.5;11697.75;11699;49
20220615 223600;11698.75;11699.25;11695;11698;68
20220615 223700;11699;11699;11691.5;11691.75;113
20220615 223800;11691.75;11697;11690;11696;209
20220615 223900;11695.25;11695.25;11694;11695.25;21
20220615 224000;11695.5;11696.25;11694.25;11694.5;32
20220615 224100;11694;11694;11687.75;11691.25;123
20220615 224200;11691.25;11692.75;11687.75;11690.75;83
20220615 224300;11689.75;11691.25;11686.5;11691.25;66
20220615 224400;11690.5;11694.25;11690.5;11691;56
20220615 224500;11691.25;11692.75;11691;11692.75;20
20220615 224600;11692.5;11692.5;11686.25;11689.25;69
20220615 224700;11689.75;11691.75;11689.75;11690.5;30
20220615 224800;11690.25;11690.25;11687.75;11688;43
20220615 224900;11688;11691.75;11685.5;11687.75;86
20220615 225000;11686.5;11687.75;11685.25;11686.5;48
20220615 225100;11686.5;11687.75;11685;11687;53
20220615 225200;11687;11687.5;11684.25;11686;50
20220615 225300;11685;11690.25;11684.5;11688.25;50
20220615 225400;11687.5;11692.75;11687.5;11690.75;127
20220615 225500;11690.25;11690.25;11680.25;11684;132
20220615 225600;11682.75;11689;11681.5;11687.5;118
20220615 225700;11687.75;11693.75;11686.5;11691.75;89
20220615 225800;11691.75;11692.75;11689.5;11690.25;42
20220615 225900;11690.25;11693;11689.5;11692.75;39
20220615 230000;11692.25;11696.25;11690.75;11695;135
20220615 230100;11695.25;11695.75;11694;11694.5;45
20220615 230200;11694.25;11694.25;11689.75;11691;32
20220615 230300;11690.75;11692.5;11690.75;11691.5;15
20220615 230400;11691.5;11692;11686.5;11688;50
20220615 230500;11688.75;11688.75;11685.75;11686.75;37
20220615 230600;11686.75;11689.25;11685.5;11687.5;33
20220615 230700;11688.75;11689;11687.25;11687.75;37
20220615 230800;11687.75;11687.75;11685.5;11686.5;19
20220615 230900;11687.25;11688.75;11686.75;11688.75;24
20220615 231000;11688;11688;11686.75;11687.75;11
20220615 231100;11687;11688;11685.75;11686;32
20220615 231200;11685.5;11686.25;11683;11685.75;67
20220615 231300;11685.25;11688.25;11685;11687.5;53
20220615 231400;11687;11687.75;11684;11686;83
20220615 231500;11686.5;11687;11681;11683.25;69
20220615 231600;11683.5;11683.5;11677.5;11679.5;134
20220615 231700;11680.25;11680.25;11677.25;11679.75;55
20220615 231800;11679;11680.25;11677.5;11678.75;33
20220615 231900;11678.75;11680;11678;11678.25;55
20220615 232000;11678.75;11680.25;11678.25;11679.25;23
20220615 232100;11678.75;11681.25;11678.5;11681.25;29
20220615 232200;11681;11684;11680.25;11682.75;41
20220615 232300;11682.5;11683.25;11682.25;11683;31
20220615 232400;11682.25;11683;11680.5;11680.5;32
20220615 232500;11681.25;11681.5;11679.5;11680;32
20220615 232600;11679.75;11681.25;11679.25;11680.5;12
20220615 232700;11681;11681;11679.25;11681;25
20220615 232800;11681;11682.75;11681;11681.25;27
20220615 232900;11682;11683.5;11681.25;11682.5;12
20220615 233000;11683;11686.5;11683;11685.5;74
20220615 233100;11686.25;11686.5;11683.5;11683.5;31
20220615 233200;11684.5;11684.75;11683.75;11683.75;8
20220615 233300;11684.25;11686.5;11684.25;11686.5;10
20220615 233400;11687;11687.5;11684.75;11686.5;39
20220615 233500;11685.75;11687.5;11685.5;11686.5;19
20220615 233600;11687;11691.5;11686.5;11689.75;75
20220615 233700;11690;11690.25;11688.25;11690.25;22
20220615 233800;11689.75;11693.25;11689.75;11692.5;101
20220615 233900;11692.5;11696;11692;11695.25;90
20220615 234000;11695;11699;11694.25;11698.75;87
20220615 234100;11698.5;11698.75;11696.5;11698.25;57
20220615 234200;11698.25;11704.25;11696;11697;164
20220615 234300;11696.75;11704.5;11696.25;11704.25;70
20220615 234400;11703.5;11708;11703;11707;107
20220615 234500;11707;11712.25;11706.25;11710.75;158
20220615 234600;11711.5;11712;11708.25;11712;84
20220615 234700;11712.25;11715.25;11709.75;11713;188
20220615 234800;11712.25;11717.25;11712.25;11717.25;135
20220615 234900;11717.25;11717.5;11711.5;11712.75;134
20220615 235000;11713;11715.5;11711.75;11714.75;94
20220615 235100;11714.75;11722.25;11714;11719.75;175
20220615 235200;11720.5;11723.5;11715.25;11717.5;208
20220615 235300;11716.75;11719;11715;11716.75;86
20220615 235400;11717.75;11720.5;11715.25;11720.25;60
20220615 235500;11720.5;11723.25;11720;11720.75;117
20220615 235600;11720.75;11721.5;11719.5;11721.25;63
20220615 235700;11720.75;11723.5;11720.25;11722.5;64
20220615 235800;11723.25;11727;11722.75;11726.75;99
20220615 235900;11727.25;11727.25;11720.5;11722.5;79
20220616 000000;11721.75;11727.25;11721.75;11726;63
20220616 000100;11725.25;11726;11716.25;11716.25;189
20220616 000200;11716.5;11716.5;11710;11710.75;183
20220616 000300;11712;11721.25;11711.5;11719.25;114
20220616 000400;11718;11720.25;11715.25;11719.75;54
20220616 000500;11719.75;11727;11719.75;11727;135
20220616 000600;11726;11727;11722;11723;85
20220616 000700;11722.75;11724.25;11718;11718;71
20220616 000800;11718;11718.25;11710.25;11712;152
20220616 000900;11712.5;11719.5;11711.25;11716.25;48
20220616 001000;11716;11724.25;11715.75;11721.75;133
20220616 001100;11720.75;11723;11716.5;11717.5;63
20220616 001200;11716.25;11718.5;11715.25;11716.25;67
20220616 001300;11716.75;11721.5;11716.75;11720.25;35
20220616 001400;11720.25;11726.75;11720;11725.5;105
20220616 001500;11725.75;11726.5;11720.25;11726.25;71
20220616 001600;11725.75;11729.5;11722.5;11726.5;164
20220616 001700;11725.5;11725.5;11718.25;11720;116
20220616 001800;11718.25;11721;11716;11720.75;143
20220616 001900;11721.25;11728.25;11721.25;11726.25;129
20220616 002000;11727;11729.5;11726.25;11728.5;135
20220616 002100;11728.5;11728.5;11722.75;11724.5;60
20220616 002200;11723.75;11726.5;11721.5;11726;74
20220616 002300;11726.5;11728.75;11723.25;11728.75;93
20220616 002400;11728.5;11733.5;11728.5;11732.25;220
20220616 002500;11732.5;11732.5;11727;11728.25;72
20220616 002600;11728;11731.75;11726.25;11726.5;96
20220616 002700;11727;11728.75;11726.25;11727;51
20220616 002800;11726.75;11732.5;11724.75;11731.75;77
20220616 002900;11732;11737.25;11732;11734;156
20220616 003000;11734;11734.25;11730.25;11731.25;38
20220616 003100;11730.25;11736.25;11729.75;11735.25;61
20220616 003200;11734.25;11738.5;11733.5;11734.75;168
20220616 003300;11735.5;11736.25;11731.75;11733;86
20220616 003400;11733;11736.5;11733;11736.5;58
20220616 003500;11736;11736;11731;11731.25;67
20220616 003600;11731.25;11732;11729.5;11731.25;89
20220616 003700;11731;11735.25;11730.5;11733.75;84
20220616 003800;11734.25;11738.5;11732.75;11738;130
20220616 003900;11738.25;11739;11731.5;11734;97
20220616 004000;11734.5;11737;11732.75;11734;53
20220616 004100;11734;11735.25;11730.75;11733.5;53
20220616 004200;11734;11735.5;11731.25;11733.75;70
20220616 004300;11733.75;11734.5;11731.25;11733.25;35
20220616 004400;11732.5;11734.5;11730;11732;63
20220616 004500;11732;11732;11730;11731.5;34
20220616 004600;11732;11732.5;11729.75;11729.75;31
20220616 004700;11730;11733.5;11729.5;11733.25;37
20220616 004800;11730.5;11733;11730.5;11731.75;36
20220616 004900;11731.25;11731.25;11729;11729.75;38
20220616 005000;11729.25;11732;11729;11729.5;71
20220616 005100;11730.5;11731;11728.5;11728.75;62
20220616 005200;11729;11734;11728.75;11733;64
20220616 005300;11732.5;11736.25;11732.5;11734.5;49
20220616 005400;11735.25;11736.5;11734.5;11735.25;29
20220616 005500;11735;11736.5;11734;11736.25;24
20220616 005600;11736.5;11737;11734.75;11736;35
20220616 005700;11735.5;11735.5;11733;11734.5;29
20220616 005800;11733.75;11736.25;11733.25;11735.25;12
20220616 005900;11734.25;11735.75;11729.5;11729.5;76
20220616 010000;11730;11732;11728.25;11731;76
20220616 010100;11731.5;11731.5;11726.75;11728;146
20220616 010200;11728.25;11731.75;11727.75;11727.75;102
20220616 010300;11727.5;11730.75;11727;11728.25;79
20220616 010400;11729;11733;11727;11731.5;88
20220616 010500;11731.5;11732.5;11730.25;11730.5;32
20220616 010600;11731.75;11732;11729;11732;37
20220616 010700;11731.25;11734;11730;11732.5;66
20220616 010800;11733;11738.75;11732.75;11738.75;140
20220616 010900;11738.25;11747.25;11738.25;11747;347
20220616 011000;11746.75;11748.75;11742.5;11746.5;321
20220616 011100;11746.75;11754;11745.75;11754;421
20220616 011200;11753.25;11761;11752.25;11761;282
20220616 011300;11760.5;11771.25;11759.75;11766.5;553
20220616 011400;11766.5;11768.75;11763.25;11767.25;248
20220616 011500;11767.75;11774.25;11767.5;11771.75;221
20220616 011600;11772.5;11772.75;11761.5;11770;345
20220616 011700;11769.5;11771.75;11761.75;11765.25;187
20220616 011800;11764.75;11765.25;11760.75;11763.25;71
20220616 011900;11764;11767.75;11761.75;11766.75;131
20220616 012000;11766.5;11771.5;11766;11771.5;178
20220616 012100;11771;11771;11761.5;11761.5;333
20220616 012200;11762.25;11763.25;11760;11762;81
20220616 012300;11762;11763.75;11758;11763.75;155
20220616 012400;11763;11765.25;11760;11761.25;80
20220616 012500;11761.25;11761.25;11755;11757.5;129
20220616 012600;11756.75;11758.25;11754.25;11756.5;77
20220616 012700;11757;11762.5;11756;11760.25;53
20220616 012800;11759;11760;11752.5;11754.75;98
20220616 012900;11754.25;11758.25;11754.25;11757.25;81
20220616 013000;11757;11759;11753;11754.25;101
20220616 013100;11753.75;11755;11751.5;11752;104
20220616 013200;11752.5;11752.5;11747.5;11750;132
20220616 013300;11750.25;11751;11746.75;11749.75;87
20220616 013400;11747.75;11748;11741.5;11743.25;239
20220616 013500;11743.25;11743.75;11740.75;11742.5;88
20220616 013600;11743.25;11746.5;11736;11742;212
20220616 013700;11741.75;11746.25;11739;11745.5;102
20220616 013800;11744;11748;11741.5;11741.5;62
20220616 013900;11741;11741;11732.5;11733.25;192
20220616 014000;11733.75;11735.25;11727;11730.5;254
20220616 014100;11729.75;11729.75;11718.75;11718.75;308
20220616 014200;11719.5;11721.75;11712.5;11715.5;644
20220616 014300;11716.5;11719;11713;11713;239
20220616 014400;11713.25;11714.5;11708.5;11710.25;269
20220616 014500;11710.75;11713.75;11707.5;11708;114
20220616 014600;11707.25;11712.5;11704.25;11708.75;231
20220616 014700;11707.75;11709.75;11702.5;11707;197
20220616 014800;11707.25;11708.75;11699.75;11699.75;196
20220616 014900;11700.25;11709.25;11697;11709.25;206
20220616 015000;11709;11711.25;11704.5;11708.75;180
20220616 015100;11709.75;11710.25;11705.25;11708.25;108
20220616 015200;11708;11708.75;11703.75;11707.75;147
20220616 015300;11707;11712.5;11707;11711;100
20220616 015400;11711;11711.75;11708;11711;115
20220616 015500;11710.75;11710.75;11702.75;11709;163
20220616 015600;11710;11714;11706;11713.75;145
20220616 015700;11713.75;11717.5;11706;11707.75;241
20220616 015800;11706.5;11708;11701;11706.25;97
20220616 015900;11707;11709.5;11704.25;11705.5;60
20220616 020000;11705.25;11708.25;11705;11707;54
20220616 020100;11707;11712;11706.25;11712;136
20220616 020200;11712.25;11715;11709.75;11715;111
20220616 020300;11714.25;11715.75;11712.5;11714;69
20220616 020400;11713;11716.25;11713;11715;56
20220616 020500;11715.25;11716.25;11712.75;11715.5;64
20220616 020600;11716.5;11716.75;11707.75;11710;127
20220616 020700;11710.5;11710.5;11707;11707.25;44
20220616 020800;11708;11710.75;11703.75;11703.75;74
20220616 020900;11704.75;11707.25;11700.75;11700.75;78
20220616 021000;11700.5;11703.25;11692;11693.25;278
20220616 021100;11694.5;11695.5;11691.5;11693.5;114
20220616 021200;11693.5;11694;11686;11687;326
20220616 021300;11687.5;11694.75;11686.5;11693.5;118
20220616 021400;11693.25;11699.25;11693.25;11697.25;102
20220616 021500;11697.25;11697.25;11692;11693;77
20220616 021600;11691.75;11698.75;11690.75;11697.5;60
20220616 021700;11697.5;11697.75;11694.75;11697;31
20220616 021800;11697;11703.25;11697;11702.25;108
20220616 021900;11702;11702.5;11697.5;11698.75;53
20220616 022000;11699;11699;11686.75;11688.25;96
20220616 022100;11687.5;11698.75;11687.25;11697.5;157
20220616 022200;11697.75;11698;11693.25;11694.5;58
20220616 022300;11694.5;11694.5;11689;11692.25;73
20220616 022400;11691.5;11695.75;11690.75;11692.25;49
20220616 022500;11692.75;11694;11688;11688;56
20220616 022600;11689;11693.5;11686.75;11692.75;59
20220616 022700;11693.75;11693.75;11682.25;11683.75;148
20220616 022800;11683;11683.5;11674;11676.25;316
20220616 022900;11676.5;11680;11674.25;11678.5;138
20220616 023000;11679.25;11682;11676;11678.75;75
20220616 023100;11679.5;11682.25;11676.25;11681.75;111
20220616 023200;11682.5;11685;11681.75;11683.5;53
20220616 023300;11684;11689.5;11684;11689.25;112
20220616 023400;11689.25;11692.5;11688.75;11690.75;102
20220616 023500;11691.5;11691.75;11686.25;11687;63
20220616 023600;11687.25;11690.75;11687;11690;34
20220616 023700;11688.25;11689.75;11687.5;11687.75;19
20220616 023800;11688.25;11689;11686;11689;35
20220616 023900;11688.25;11694.5;11686.5;11692.75;66
20220616 024000;11693.25;11694.25;11691.5;11691.75;38
20220616 024100;11692.75;11694;11689.5;11691;35
20220616 024200;11691.5;11698.75;11691;11695.25;144
20220616 024300;11694.75;11697;11692;11697;54
20220616 024400;11697;11699.75;11693.75;11699.5;96
20220616 024500;11699.25;11703;11698.75;11702.25;123
20220616 024600;11702.75;11705;11700.5;11701.5;109
20220616 024700;11701.75;11703.75;11700.5;11702.5;35
20220616 024800;11703;11706.75;11702.75;11705.75;124
20220616 024900;11705.5;11707.5;11704.75;11706.25;77
20220616 025000;11706.25;11706.25;11700;11701.75;122
20220616 025100;11700.75;11702.25;11698;11702;99
20220616 025200;11701.25;11706;11701.25;11702.75;66
20220616 025300;11702.25;11704;11701.25;11703.75;32
20220616 025400;11703.75;11704.25;11700;11702.75;41
20220616 025500;11703.25;11703.25;11698.25;11698.75;46
20220616 025600;11698.75;11702.25;11698;11698;57
20220616 025700;11697.75;11698.5;11695;11696.5;96
20220616 025800;11696.5;11700;11695.75;11699;81
20220616 025900;11699;11700;11697;11699;37
20220616 030000;11699;11701.25;11698.75;11701;24
20220616 030100;11701;11701.25;11697.75;11701.25;36
20220616 030200;11700.5;11701.75;11698.5;11700.75;52
20220616 030300;11700.75;11702.75;11698.75;11702;74
20220616 030400;11701.25;11701.25;11697.25;11698.75;36
20220616 030500;11698.5;11701.75;11697.25;11700.5;20
20220616 030600;11701.25;11705;11701.25;11703.5;98
20220616 030700;11703;11704.75;11702.25;11703.5;47
20220616 030800;11703.25;11704;11699.5;11701;36
20220616 030900;11702.25;11703.75;11700.5;11703;30
20220616 031000;11704.25;11709.25;11704;11709.25;155
20220616 031100;11708.5;11711.75;11706;11710.5;118
20220616 031200;11709.75;11712.5;11706.25;11712.5;76
20220616 031300;11712;11713.25;11709.75;11709.75;71
20220616 031400;11710.25;11713.25;11707;11713.25;81
20220616 031500;11713.25;11715;11712.5;11715;44
20220616 031600;11715;11718.5;11714;11715;230
20220616 031700;11714.75;11715.25;11710.25;11711;78
20220616 031800;11710.5;11715.5;11710;11713.75;91
20220616 031900;11713.75;11713.75;11711;11711;32
20220616 032000;11712;11715;11709.5;11712.5;64
20220616 032100;11713.25;11715.25;11711.75;11715.25;42
20220616 032200;11715.5;11718.5;11715.5;11717.5;82
20220616 032300;11716.25;11717.75;11715.75;11715.75;26
20220616 032400;11717;11719.5;11717;11719;31
20220616 032500;11718.75;11722.75;11718.25;11721;87
20220616 032600;11720.5;11724.25;11720.5;11723.25;84
20220616 032700;11723.5;11724;11716.75;11719.25;96
20220616 032800;11718.5;11719.5;11717.75;11719;36
20220616 032900;11719;11722;11719;11722;57
20220616 033000;11722.25;11722.25;11719.5;11719.75;45
20220616 033100;11721;11721;11717.75;11718.75;47
20220616 033200;11718.25;11719.75;11717.5;11717.75;27
20220616 033300;11718.5;11719.5;11717.5;11718;31
20220616 033400;11718;11720.25;11718;11720;16
20220616 033500;11720.5;11720.5;11712.75;11716.75;110
20220616 033600;11715;11715;11699.75;11700.75;234
20220616 033700;11701.25;11705.25;11699;11702.25;117
20220616 033800;11701.75;11701.75;11691.5;11693;203
20220616 033900;11693.25;11696.5;11692.5;11694.75;94
20220616 034000;11696;11697.75;11694.5;11696.25;52
20220616 034100;11695.75;11696.75;11689.75;11690.25;114
20220616 034200;11690.25;11690.25;11687.25;11689;80
20220616 034300;11689.75;11690.25;11687.5;11688.75;79
20220616 034400;11689.75;11691.25;11688.25;11688.75;66
20220616 034500;11689.5;11693.5;11688.75;11693.5;27
20220616 034600;11693.5;11693.75;11686.5;11688.25;52
20220616 034700;11688.5;11696.5;11688;11694.5;78
20220616 034800;11695;11696.5;11694;11695.5;35
20220616 034900;11696.75;11698.25;11692.5;11692.75;51
20220616 035000;11692.25;11692.25;11687.25;11687.75;55
20220616 035100;11688;11693.25;11688;11692.5;42
20220616 035200;11692.25;11693;11681.25;11682.5;126
20220616 035300;11682.75;11684.5;11677;11678;199
20220616 035400;11677.75;11686.25;11677;11683.5;85
20220616 035500;11682.5;11683.25;11678;11678;67
20220616 035600;11678.25;11683.5;11674.5;11675.25;182
20220616 035700;11676.25;11679.75;11675.5;11677.25;62
20220616 035800;11677.25;11680;11676.25;11679.25;24
20220616 035900;11680.25;11684.75;11680.25;11682.5;75
20220616 040000;11680.5;11685;11679.25;11683.5;46
20220616 040100;11684.5;11687.25;11684;11685.75;49
20220616 040200;11686;11691.25;11685.25;11691;79
20220616 040300;11690;11690;11683.5;11684;82
20220616 040400;11683.5;11683.5;11671.5;11674.75;134
20220616 040500;11673.5;11675.5;11665.25;11667.75;190
20220616 040600;11666.75;11673.25;11664.75;11671.75;145
20220616 040700;11671.5;11674;11670.5;11671.75;88
20220616 040800;11671.75;11671.75;11667.75;11669;48
20220616 040900;11669.25;11669.75;11667;11669.25;55
20220616 041000;11669.75;11672.75;11669.5;11669.75;40
20220616 041100;11670.5;11670.5;11667;11668;32
20220616 041200;11668;11669;11664.75;11665;81
20220616 041300;11666;11667;11662.5;11663.75;91
20220616 041400;11663;11665;11659.5;11663.75;152
20220616 041500;11664.25;11672.75;11664.25;11671;72
20220616 041600;11670.5;11672.25;11669;11670.5;34
20220616 041700;11670.5;11672.25;11669.25;11670.75;31
20220616 041800;11671.5;11671.5;11667;11668;36
20220616 041900;11667.75;11668.25;11661.5;11666.5;86
20220616 042000;11666;11666;11658.5;11660.75;73
20220616 042100;11659.75;11669.75;11659.75;11668.75;87
20220616 042200;11668.25;11668.25;11661.75;11664.5;59
20220616 042300;11664.75;11665;11657.5;11660.25;109
20220616 042400;11659.25;11660.5;11654.5;11654.75;88
20220616 042500;11654.25;11657;11651;11652;118
20220616 042600;11652.5;11657;11651.25;11655.75;69
20220616 042700;11657;11662.25;11657;11661.25;59
20220616 042800;11660.5;11664.75;11660.25;11663.25;75
20220616 042900;11664.5;11664.5;11656.75;11657.75;48
20220616 043000;11657.25;11659.5;11654.75;11659;30
20220616 043100;11660.75;11662.75;11657.5;11661.25;59
20220616 043200;11660.5;11665;11660.5;11664.5;39
20220616 043300;11663.5;11666.25;11661.25;11664.5;60
20220616 043400;11664.5;11668.25;11664.5;11667.5;54
20220616 043500;11666.25;11673;11666.25;11670.25;114
20220616 043600;11670;11671.25;11663.75;11667.25;152
20220616 043700;11667.5;11670.25;11667.5;11669.25;38
20220616 043800;11669.25;11669.75;11665;11665;33
20220616 043900;11664.75;11667.25;11663.5;11666.75;73
20220616 044000;11667;11671;11667;11670.25;52
20220616 044100;11669.75;11670;11667.75;11669;16
20220616 044200;11668;11668;11663.5;11665.5;55
20220616 044300;11666;11667.25;11662.5;11662.5;37
20220616 044400;11662;11662.75;11654.25;11654.5;123
20220616 044500;11654;11655.75;11651.75;11654.5;106
20220616 044600;11654.5;11658;11654.5;11657;70
20220616 044700;11658;11658.75;11651.75;11652.5;93
20220616 044800;11652.25;11654.5;11651.5;11653;57
20220616 044900;11653;11655.75;11651;11654;60
20220616 045000;11653;11657.5;11651.5;11655.5;77
20220616 045100;11654.5;11655.25;11648.5;11650.5;161
20220616 045200;11650.5;11652.25;11648.25;11650.25;66
20220616 045300;11650.5;11651;11646.75;11648.25;57
20220616 045400;11649;11650;11647;11648.75;66
20220616 045500;11648.25;11651.75;11647.5;11650.25;76
20220616 045600;11650.75;11651;11647.5;11649;35
20220616 045700;11649.75;11651.5;11645.75;11650.5;93
20220616 045800;11650.25;11653;11650;11652.5;38
20220616 045900;11653;11660.5;11650.75;11652.25;129
20220616 050000;11651.25;11651.25;11640;11642.75;175
20220616 050100;11643;11643;11632.75;11641.5;332
20220616 050200;11641.25;11648.25;11636;11636;176
20220616 050300;11636;11638.5;11631;11631.75;136
20220616 050400;11632;11638.25;11631.25;11632.5;155
20220616 050500;11632.75;11637.75;11630;11637;87
20220616 050600;11637.75;11638;11631;11634.5;76
20220616 050700;11633.75;11634;11630.5;11631.5;47
20220616 050800;11630.5;11631.75;11618.5;11621;325
20220616 050900;11621.75;11626.25;11618.5;11619;171
20220616 051000;11619.5;11623;11618.75;11620.25;107
20220616 051100;11620.25;11623;11620;11620;51
20220616 051200;11620;11620;11609.75;11613;279
20220616 051300;11612.25;11613.25;11605.75;11605.75;263
20220616 051400;11606.75;11607.75;11601;11603.25;164
20220616 051500;11603.5;11610.75;11602.25;11608.25;158
20220616 051600;11607.75;11617;11607.75;11612.25;206
20220616 051700;11611.75;11613.5;11604.25;11613;135
20220616 051800;11613;11616.25;11612;11614.75;81
20220616 051900;11614.25;11618.5;11613.5;11618.25;127
20220616 052000;11618;11618.5;11613;11614.25;79
20220616 052100;11613.5;11617.25;11613.5;11617;50
20220616 052200;11617.25;11621;11614.75;11615.5;134
20220616 052300;11615.5;11616.5;11612;11615.25;78
20220616 052400;11615;11617.25;11611;11611;79
20220616 052500;11612.25;11613.25;11609.75;11611.5;83
20220616 052600;11612.25;11618.25;11612.25;11615.75;75
20220616 052700;11614;11620;11613.75;11617.5;69
20220616 052800;11618.5;11625.75;11616.25;11624.5;175
20220616 052900;11625.5;11628.5;11620.25;11621.25;154
20220616 053000;11621.5;11622;11616.75;11617.5;95
20220616 053100;11617.5;11623.25;11615.5;11623.25;110
20220616 053200;11622.25;11624.75;11617;11618.25;73
20220616 053300;11617.25;11619.25;11606.5;11607.5;211
20220616 053400;11607.25;11611.75;11605.75;11610.25;76
20220616 053500;11609.5;11609.5;11596.5;11599.5;263
20220616 053600;11599.75;11601.5;11593.25;11599;222
20220616 053700;11599.25;11601;11587.75;11591.25;271
20220616 053800;11591.5;11595;11590.75;11594.75;137
20220616 053900;11593.75;11602;11590.5;11598.25;148
20220616 054000;11599.25;11599.75;11595;11597.75;88
20220616 054100;11597.25;11597.75;11593;11597;66
20220616 054200;11597.5;11599;11596;11597.5;42
20220616 054300;11598.25;11605.75;11597.5;11602.25;155
20220616 054400;11603.75;11607.75;11600.75;11605.25;121
20220616 054500;11604;11604;11593.25;11596;255
20220616 054600;11596.5;11597.5;11593.25;11595.75;44
20220616 054700;11595.75;11595.75;11585.5;11588.5;197
20220616 054800;11588.5;11589.5;11583;11583.5;194
20220616 054900;11583;11589.25;11582;11587.5;118
20220616 055000;11588.75;11592;11588.25;11588.25;63
20220616 055100;11588;11588.5;11585.25;11586.5;66
20220616 055200;11586.75;11588.75;11577.5;11579.25;209
20220616 055300;11578.5;11584;11576.25;11578.5;218
20220616 055400;11578;11580;11568.75;11570.75;252
20220616 055500;11571.25;11575;11569.5;11572;138
20220616 055600;11573;11577.5;11571.75;11576.5;179
20220616 055700;11577.25;11577.75;11573;11575;131
20220616 055800;11574.25;11577;11572.5;11575;91
20220616 055900;11575.5;11577.25;11571.5;11573.5;74
20220616 060000;11574.25;11577.75;11571;11572;61
20220616 060100;11571;11587;11569.5;11586;298
20220616 060200;11586;11597.5;11584;11594.5;402
20220616 060300;11595.75;11596.25;11586.25;11590;160
20220616 060400;11589.75;11593.75;11582.5;11587;122
20220616 060500;11587;11589.5;11576.25;11576.25;209
20220616 060600;11577.25;11578.5;11558.75;11562;588
20220616 060700;11562.5;11575;11561.25;11573.75;348
20220616 060800;11574.75;11577;11569.5;11570.75;130
20220616 060900;11571;11578.75;11570.25;11573;167
20220616 061000;11573.75;11578.5;11573;11578.5;84
20220616 061100;11577.75;11579;11566;11569.25;256
20220616 061200;11570;11579.25;11570;11573.25;177
20220616 061300;11572;11578.25;11569.25;11576.5;206
20220616 061400;11575.75;11580.75;11575.75;11580.5;66
20220616 061500;11579.75;11582.5;11573.25;11573.25;117
20220616 061600;11573.25;11582;11572.5;11579.5;136
20220616 061700;11579.75;11581;11577.25;11578;71
20220616 061800;11579;11579;11574;11574.75;64
20220616 061900;11574.25;11575.75;11564;11575.25;228
20220616 062000;11574.5;11574.5;11564.25;11564.75;130
20220616 062100;11566;11573;11565.5;11567;190
20220616 062200;11568.5;11568.5;11563.75;11567.25;117
20220616 062300;11566;11567.5;11563.25;11565;101
20220616 062400;11565.75;11567.25;11561;11563.5;79
20220616 062500;11563.75;11566.25;11560.25;11563.5;87
20220616 062600;11564.25;11572.5;11564.25;11569.25;153
20220616 062700;11569;11569;11564;11565.75;96
20220616 062800;11566.5;11567.5;11563.25;11565.75;101
20220616 062900;11565.5;11567.5;11552.25;11554.25;241
20220616 063000;11554.25;11557.75;11548.5;11550.75;329
20220616 063100;11552;11552;11539.5;11548;312
20220616 063200;11548.25;11549.5;11540.5;11542;221
20220616 063300;11542.75;11544.5;11527.25;11527.25;493
20220616 063400;11527;11528.75;11503.75;11506;992
20220616 063500;11506;11517.25;11496.25;11515.5;868
20220616 063600;11514.75;11517.25;11509.75;11512.5;220
20220616 063700;11511.5;11515.25;11502.25;11506.25;231
20220616 063800;11506.25;11507.25;11498.5;11499;300
20220616 063900;11499.5;11507.25;11498;11502.5;238
20220616 064000;11503;11505.5;11499.75;11500;184
20220616 064100;11499.75;11499.75;11484.5;11487.25;597
20220616 064200;11487.25;11487.25;11469.5;11470.25;551
20220616 064300;11470.25;11488.25;11468.75;11487.25;396
20220616 064400;11486.75;11487.5;11471.75;11473.75;371
20220616 064500;11474;11488.5;11470.25;11487.5;277
20220616 064600;11488;11497;11486.75;11492.25;341
20220616 064700;11491.25;11502.25;11491.25;11498.75;279
20220616 064800;11499.75;11500;11487.75;11490;228
20220616 064900;11489.25;11496;11485.75;11494.75;135
20220616 065000;11494.25;11495.75;11492.75;11494.5;104
20220616 065100;11493.5;11494.25;11488.25;11490.5;114
20220616 065200;11489.5;11490.5;11482.75;11487.5;196
20220616 065300;11489.5;11498.75;11489.5;11495;185
20220616 065400;11493.75;11499.5;11491;11494;125
20220616 065500;11491.75;11492.5;11480.75;11482.75;251
20220616 065600;11484.25;11489.5;11481;11482;128
20220616 065700;11482.25;11486.25;11479.25;11482.25;191
20220616 065800;11482;11482.5;11476.25;11479.5;125
20220616 065900;11479;11480.75;11476.25;11476.75;103
20220616 070000;11477.75;11488.75;11474;11483.5;272
20220616 070100;11482.25;11483.25;11470.5;11476.5;323
20220616 070200;11476.75;11488.75;11476.75;11487;200
20220616 070300;11488;11498.75;11486.25;11496.75;256
20220616 070400;11497.5;11497.5;11485;11487.5;229
20220616 070500;11487;11494.25;11484;11490;175
20220616 070600;11491.5;11494;11484;11484.75;201
20220616 070700;11484.75;11494;11483.5;11484.75;248
20220616 070800;11485.75;11488.5;11483;11488.5;142
20220616 070900;11488.25;11488.25;11478;11481.5;210
20220616 071000;11482;11484.75;11475.25;11479.25;238
20220616 071100;11479.25;11482.5;11462.25;11463.75;461
20220616 071200;11464.25;11467.5;11455;11458.5;454
20220616 071300;11459.75;11472.5;11456.5;11472.5;400
20220616 071400;11470.5;11482.25;11464.25;11473;409
20220616 071500;11473.75;11483.25;11473.25;11474;457
20220616 071600;11473.75;11475;11461.25;11462;422
20220616 071700;11462.5;11466.75;11440;11440;1005
20220616 071800;11440.5;11442.75;11427;11437;915
20220616 071900;11436.5;11439.25;11431.25;11436;429
20220616 072000;11435;11446.25;11432;11443.75;457
20220616 072100;11444;11446.5;11436.5;11439.75;403
20220616 072200;11440;11441.75;11419.75;11420.25;783
20220616 072300;11421.5;11427.5;11411.75;11412.75;605
20220616 072400;11415.25;11422;11409.5;11417.75;452
20220616 072500;11418.5;11422;11410.25;11411.5;297
20220616 072600;11410.75;11418.75;11409.75;11412.75;337
20220616 072700;11412.75;11414.25;11403.25;11409;378
20220616 072800;11408;11425.25;11405.5;11425.25;401
20220616 072900;11425.25;11430.25;11418.25;11430.25;353
20220616 073000;11431;11436;11426.75;11429.5;385
20220616 073100;11431;11431.75;11412.5;11416.75;568
20220616 073200;11417.5;11422.5;11403;11403.5;498
20220616 073300;11403.25;11412.75;11402.25;11407;416
20220616 073400;11407.5;11413.25;11376.5;11377.5;920
20220616 073500;11377.75;11378.25;11352.25;11376.25;1690
20220616 073600;11376.75;11381.25;11352.25;11366.5;697
20220616 073700;11365.75;11371.5;11355;11361.75;399
20220616 073800;11359.75;11369.75;11337.75;11352.25;875
20220616 073900;11351.5;11359;11323.5;11358.75;1359
20220616 074000;11358.25;11373.75;11345.5;11353.25;1118
20220616 074100;11354;11357.75;11336.75;11340;381
20220616 074200;11339;11355;11335;11355;388
20220616 074300;11354.25;11356.5;11339.5;11349.75;436
20220616 074400;11349.5;11363.25;11349;11359.25;370
20220616 074500;11359.25;11371.5;11357;11370;462
20220616 074600;11369;11384;11366.75;11376.25;517
20220616 074700;11376.5;11389;11371;11375.5;523
20220616 074800;11375.5;11387.25;11364.25;11369;642
20220616 074900;11367.75;11378;11364.75;11367.75;247
20220616 075000;11367;11379.5;11359.75;11374.25;343
20220616 075100;11372.25;11373;11345.25;11347.25;660
20220616 075200;11348;11363;11348;11356.5;365
20220616 075300;11358.5;11364.5;11344.75;11345.25;466
20220616 075400;11345.75;11362;11345.75;11355.5;415
20220616 075500;11355.5;11373.25;11354.5;11373.25;412
20220616 075600;11372;11382.75;11358;11378.5;482
20220616 075700;11379.5;11385.5;11375;11381.25;314
20220616 075800;11381.25;11386.25;11375.5;11378.75;244
20220616 075900;11378.25;11383.75;11371.25;11375.75;290
20220616 080000;11374.25;11386.25;11372.25;11375.75;273
20220616 080100;11376;11376.75;11365;11374.25;733
20220616 080200;11374.5;11376.5;11365;11368.5;665
20220616 080300;11368.5;11388.75;11360.75;11388.75;780
20220616 080400;11388;11392;11378;11390.75;529
20220616 080500;11389.75;11396.5;11389;11394.5;433
20220616 080600;11392.5;11396;11383.75;11384.5;382
20220616 080700;11384.75;11394.25;11380;11391.25;327
20220616 080800;11390.5;11396;11382.25;11388.25;365
20220616 080900;11390;11398;11382.25;11396.5;288
20220616 081000;11395.25;11398;11384.75;11385.75;208
20220616 081100;11386;11387.5;11373.5;11382.5;394
20220616 081200;11383;11385;11369.25;11370.75;296
20220616 081300;11371.25;11378.75;11368.5;11371.75;374
20220616 081400;11371.75;11383;11369;11374.5;516
20220616 081500;11375;11381;11373.25;11376;408
20220616 081600;11375;11381.25;11374.25;11376.25;136
20220616 081700;11377;11381.5;11375.75;11380;99
20220616 081800;11379.75;11388.75;11378.5;11388.75;150
20220616 081900;11387.75;11392;11376;11379.75;312
20220616 082000;11379.5;11380.75;11373.25;11374;152
20220616 082100;11373.75;11380.25;11372.25;11376.75;168
20220616 082200;11379.75;11380;11366.25;11368.5;270
20220616 082300;11368.25;11370.5;11358.75;11359;284
20220616 082400;11358.75;11371.75;11357.25;11367;216
20220616 082500;11366.5;11374.75;11361.75;11370.5;193
20220616 082600;11370.5;11377.25;11369;11369.75;264
20220616 082700;11371;11385.75;11363.25;11385.75;451
20220616 082800;11385.75;11386;11374.5;11378.5;230
20220616 082900;11376.75;11382.25;11368.25;11378.5;375
20220616 083000;11379;11380.25;11369.25;11377;238
20220616 083100;11378;11379.25;11370;11371.75;251
20220616 083200;11370.75;11371.75;11358.75;11362.75;339
20220616 083300;11363;11371.75;11358;11364.75;514
20220616 083400;11365.25;11369.5;11357.5;11362.5;214
20220616 083500;11362.25;11363;11351.5;11352.25;201
20220616 083600;11352.75;11357.75;11348.5;11351;266
20220616 083700;11351.75;11356.5;11340.75;11351.25;465
20220616 083800;11351;11359.5;11350.25;11359.5;159
20220616 083900;11360.25;11362;11357.5;11358;148
20220616 084000;11357.25;11366.5;11350.25;11366;507
20220616 084100;11365.25;11366.25;11353.75;11355.25;187
20220616 084200;11353.5;11356.75;11346.75;11348.75;201
20220616 084300;11347.5;11354;11344.25;11348;400
20220616 084400;11348.25;11351;11335;11339.75;366
20220616 084500;11340.5;11340.5;11328.75;11332;409
20220616 084600;11331.5;11342.25;11331.5;11341.75;200
20220616 084700;11341.5;11346.25;11337.5;11346;237
20220616 084800;11345.25;11351;11343.5;11347;208
20220616 084900;11347.5;11350.25;11341.25;11346;402
20220616 085000;11346;11350.25;11338.75;11349.5;176
20220616 085100;11348.25;11348.25;11311.75;11319.5;938
20220616 085200;11320.5;11325;11310.5;11319;475
20220616 085300;11319.25;11321.75;11307.75;11308.5;377
20220616 085400;11307.75;11321.75;11306.25;11320.75;330
20220616 085500;11320.75;11324.75;11315;11320;380
20220616 085600;11320;11321.5;11312;11318;302
20220616 085700;11316.75;11322.75;11314.5;11319.5;250
20220616 085800;11320;11320;11310.5;11312.75;501
20220616 085900;11311.75;11314;11307;11308.75;348
20220616 090000;11308.5;11310.5;11296.75;11297.5;620
20220616 090100;11296.75;11297.25;11281.75;11283.25;946
20220616 090200;11283.5;11302.5;11282.25;11291;811
20220616 090300;11292;11300.5;11286.75;11292;495
20220616 090400;11292.25;11293.25;11285.25;11288.25;234
20220616 090500;11287.5;11289.25;11280.25;11284.25;340
20220616 090600;11283.75;11288.25;11279.25;11287;345
20220616 090700;11287.25;11287.25;11268.5;11270;863
20220616 090800;11270.75;11281.25;11268.75;11274.25;391
20220616 090900;11274.75;11281.25;11273;11274.5;242
20220616 091000;11275;11281;11270.5;11279.25;219
20220616 091100;11279.5;11283;11277;11281.25;235
20220616 091200;11282;11296.5;11280.25;11292.75;338
20220616 091300;11292;11297.5;11291.25;11295.25;283
20220616 091400;11296;11299.25;11292.5;11293.75;197
20220616 091500;11293;11303;11291.75;11299.75;206
20220616 091600;11299.75;11306.75;11298.5;11306.5;304
20220616 091700;11306;11312;11305;11307.75;365
20220616 091800;11308.5;11314.5;11306.75;11311;399
20220616 091900;11311.75;11318;11309.25;11317.25;292
20220616 092000;11317.75;11318;11298.5;11304;468
20220616 092100;11304;11304;11286.75;11287.25;422
20220616 092200;11287;11288.5;11279.5;11282.5;429
20220616 092300;11283;11298;11275;11295.25;501
20220616 092400;11296;11305;11292.75;11295.25;205
20220616 092500;11295.25;11311.5;11293.25;11305;333
20220616 092600;11306.25;11316.25;11304.75;11315.75;276
20220616 092700;11315.5;11319;11312.5;11315;309
20220616 092800;11314.75;11322.75;11312.5;11318;277
20220616 092900;11318;11324.75;11315.75;11317.25;287
20220616 093000;11317.25;11318.75;11313.25;11316;198
20220616 093100;11315.25;11319;11307.25;11307.75;310
20220616 093200;11307.5;11314.75;11298.25;11304.25;303
20220616 093300;11305;11308.5;11301.75;11303.75;173
20220616 093400;11303.5;11306.5;11294.75;11304.25;202
20220616 093500;11303.75;11304.25;11299;11299;102
20220616 093600;11299;11305;11295;11297.25;195
20220616 093700;11297;11303;11290;11303;257
20220616 093800;11303.25;11306.5;11299.75;11304.5;191
20220616 093900;11304;11306.5;11293.25;11303.75;268
20220616 094000;11304.75;11305.5;11298.25;11300.25;243
20220616 094100;11300.75;11304.75;11294.25;11297.75;325
20220616 094200;11298.75;11302.75;11288;11291;310
20220616 094300;11291.25;11300;11290.75;11295.5;346
20220616 094400;11296.25;11311.5;11296.25;11311.25;211
20220616 094500;11311.5;11311.75;11297.25;11300.75;178
20220616 094600;11300.25;11303.5;11295.75;11301.5;62
20220616 094700;11301;11307.75;11299.75;11303.75;100
20220616 094800;11303.5;11307;11296.5;11303.5;152
20220616 094900;11303;11307;11301.5;11302.75;132
20220616 095000;11303.5;11313.5;11301;11312.5;191
20220616 095100;11313.25;11313.5;11303.25;11305.5;112
20220616 095200;11307;11307;11299.25;11304.25;115
20220616 095300;11303.75;11311.75;11303.25;11310.25;118
20220616 095400;11309.25;11318;11305;11313.25;257
20220616 095500;11312.5;11317.25;11308.5;11316.75;130
20220616 095600;11316.75;11322;11308.75;11311.25;289
20220616 095700;11310.5;11320.5;11308.5;11319.5;199
20220616 095800;11318.25;11322;11316;11319.5;156
20220616 095900;11317.25;11327.75;11316.75;11321.25;291
20220616 100000;11321.5;11330;11319;11324;304
20220616 100100;11325;11327;11309;11315.5;442
20220616 100200;11314;11326.75;11313;11324.75;217
20220616 100300;11325;11336.75;11324.5;11334.5;389
20220616 100400;11334.5;11338;11330.25;11334.75;248
20220616 100500;11335.25;11343.5;11333.25;11342.5;395
20220616 100600;11342.5;11346;11340.5;11343.75;390
20220616 100700;11343.5;11343.5;11337.25;11339.75;301
20220616 100800;11339.75;11344.25;11336.5;11340.25;243
20220616 100900;11340.5;11347.75;11339.25;11342.75;318
20220616 101000;11343.75;11349.25;11339.25;11343;342
20220616 101100;11344;11349;11343.75;11348;175
20220616 101200;11348.75;11354;11342.75;11345.75;700
20220616 101300;11345.75;11352;11344.75;11345.75;282
20220616 101400;11346.5;11351.25;11340;11342.25;329
20220616 101500;11341.75;11345;11334.5;11337;293
20220616 101600;11336.75;11339.75;11333;11333.25;244
20220616 101700;11334.25;11345;11330.25;11345;247
20220616 101800;11344;11345;11337.5;11340.25;214
20220616 101900;11339.5;11345;11339;11340.25;131
20220616 102000;11339.5;11342.5;11334;11342;113
20220616 102100;11341.75;11341.75;11333;11333;122
20220616 102200;11334;11334.25;11326.5;11326.75;243
20220616 102300;11326.75;11328;11315.75;11318.25;379
20220616 102400;11318.25;11318.25;11306.75;11308.25;264
20220616 102500;11309.25;11317.25;11308.25;11311;242
20220616 102600;11311.5;11312.25;11303.75;11310.75;252
20220616 102700;11311;11315.5;11310.5;11314;137
20220616 102800;11314.75;11316.5;11306;11315.5;326
20220616 102900;11314.25;11315.5;11306.25;11312.25;112
20220616 103000;11309.25;11309.25;11301.25;11302.25;386
20220616 103100;11301.75;11309.75;11300.25;11308.5;165
20220616 103200;11308.75;11310;11304;11307.25;121
20220616 103300;11307;11308.25;11304;11307.5;89
20220616 103400;11307;11307.25;11301;11305.25;125
20220616 103500;11306.5;11310.75;11293.5;11297.5;329
20220616 103600;11297.25;11302.75;11293.5;11301.5;579
20220616 103700;11300.75;11304.75;11296.25;11300.5;237
20220616 103800;11300.75;11303.5;11297;11302.5;262
20220616 103900;11303.25;11304.25;11299.25;11301.25;150
20220616 104000;11302.25;11304;11297;11302;141
20220616 104100;11302;11302.75;11297.5;11302;162
20220616 104200;11301.25;11302.25;11298;11299.5;103
20220616 104300;11299;11301.5;11297.5;11300.75;76
20220616 104400;11300;11305.75;11299.25;11305.75;78
20220616 104500;11306;11307.25;11304.25;11305.25;115
20220616 104600;11305.5;11306.75;11301.75;11304.25;72
20220616 104700;11303.5;11303.5;11298.5;11301.5;103
20220616 104800;11302;11309;11296;11308.25;202
20220616 104900;11308.5;11316.25;11307.25;11311.25;245
20220616 105000;11311;11313;11307.75;11313;126
20220616 105100;11311;11311;11297.5;11297.5;192
20220616 105200;11297.25;11306.25;11294.75;11297.5;234
20220616 105300;11298;11302.75;11294.25;11301.75;210
20220616 105400;11301.75;11314.5;11300;11313;204
20220616 105500;11313;11320;11301.75;11305;318
20220616 105600;11304.5;11307.25;11291;11306.5;358
20220616 105700;11307;11316;11305;11314;118
20220616 105800;11313.75;11319;11310.25;11313.5;177
20220616 105900;11314.75;11325;11311;11311.75;314
20220616 110000;11312.25;11313.5;11300.75;11305.75;311
20220616 110100;11305.25;11329.25;11302.75;11326;667
20220616 110200;11325.5;11335;11321.5;11330;311
20220616 110300;11329.75;11342.75;11326.75;11327.5;597
20220616 110400;11328.25;11337;11326.5;11327;222
20220616 110500;11326.5;11334;11323.75;11329.75;232
20220616 110600;11330.75;11338;11329.25;11337.75;257
20220616 110700;11336;11343.5;11333.25;11341;299
20220616 110800;11340.5;11340.5;11329.5;11334.75;279
20220616 110900;11334.75;11338;11325;11333;208
20220616 111000;11330;11335.25;11326.25;11333;120
20220616 111100;11332.75;11336.5;11318.75;11324.25;223
20220616 111200;11324.75;11332.25;11323.5;11327.5;198
20220616 111300;11325.25;11326.25;11316.5;11322.25;209
20220616 111400;11321.5;11325.25;11319;11322.75;147
20220616 111500;11322.75;11324.25;11317.5;11320;134
20220616 111600;11320.25;11321.75;11311;11312.25;236
20220616 111700;11311.25;11315.25;11305.75;11306.75;237
20220616 111800;11307.5;11308.75;11302.5;11306;237
20220616 111900;11305.5;11312;11302.25;11308;145
20220616 112000;11309;11311.5;11307.75;11309.5;77
20220616 112100;11309.5;11309.5;11303;11303.75;174
20220616 112200;11303.25;11311.75;11300.5;11305;243
20220616 112300;11304.5;11312;11297.25;11311;345
20220616 112400;11311.5;11315.75;11308.25;11309.5;168
20220616 112500;11309.5;11315.75;11308.5;11310.75;114
20220616 112600;11309.75;11314.25;11306.25;11308;131
20220616 112700;11307.75;11320.75;11307.75;11319.25;236
20220616 112800;11317.75;11337;11317.75;11333.25;515
20220616 112900;11334;11340;11330.5;11332;314
20220616 113000;11333;11335.75;11324.25;11329.75;372
20220616 113100;11329.25;11332;11322.25;11327;239
20220616 113200;11326.25;11329.25;11320.25;11320.5;168
20220616 113300;11321;11321.25;11309.25;11317.75;327
20220616 113400;11316.5;11327;11313.5;11325.25;159
20220616 113500;11325.75;11333.25;11320.5;11327.25;254
20220616 113600;11327;11333.5;11326.5;11327.25;198
20220616 113700;11327.5;11333.25;11324.75;11328.75;154
20220616 113800;11329;11334.25;11326.5;11331.75;143
20220616 113900;11329.75;11336.25;11326.5;11327.75;198
20220616 114000;11328.5;11331;11319.75;11320.25;210
20220616 114100;11320.75;11324.75;11316;11322.5;176
20220616 114200;11322.5;11325.75;11314;11322.75;343
20220616 114300;11322.75;11326.25;11313.75;11314.25;216
20220616 114400;11313.75;11314.25;11305.5;11307.75;268
20220616 114500;11307.75;11319;11304;11312.25;386
20220616 114600;11313.75;11314.75;11287.25;11291.75;1053
20220616 114700;11291.25;11293.5;11284;11289.5;742
20220616 114800;11291;11297;11287.75;11292.25;291
20220616 114900;11292.75;11293;11287.5;11290.75;161
20220616 115000;11290.25;11298;11290;11292.25;210
20220616 115100;11291.75;11298.25;11287.5;11298;305
20220616 115200;11297;11300;11293.25;11295.5;188
20220616 115300;11295.5;11300;11291;11296;179
20220616 115400;11298;11302.25;11295.25;11301.75;120
20220616 115500;11302;11307;11301;11305.75;163
20220616 115600;11304.5;11306;11298;11305.25;229
20220616 115700;11306.5;11326.25;11306.5;11314.75;691
20220616 115800;11314.75;11333.25;11312;11332.25;759
20220616 115900;11331.75;11332;11320.5;11321.5;191
20220616 120000;11320.5;11332.75;11319.5;11322.75;579
20220616 120100;11322.25;11339;11317.25;11337.5;775
20220616 120200;11338.5;11343.25;11331;11336.75;611
20220616 120300;11336.5;11358.5;11336.5;11357.5;1049
20220616 120400;11356.75;11364.75;11353.75;11364.25;953
20220616 120500;11364;11370;11351.75;11354;560
20220616 120600;11354.25;11362;11350.5;11357;454
20220616 120700;11356.5;11359;11354;11355.25;174
20220616 120800;11356.5;11363.75;11355;11360.75;276
20220616 120900;11360.75;11369.75;11360.75;11362.75;439
20220616 121000;11361.75;11372.5;11359.25;11367.25;599
20220616 121100;11368;11372;11364.5;11365;355
20220616 121200;11365.75;11385.75;11361.25;11385;1125
20220616 121300;11384;11385;11367;11372.5;807
20220616 121400;11372.75;11376;11370.25;11372;301
20220616 121500;11372.5;11380.75;11370;11379.5;546
20220616 121600;11379.25;11385.75;11373.75;11379.25;617
20220616 121700;11379.25;11389.5;11375;11384.25;487
20220616 121800;11384.25;11386.75;11365.25;11367.25;541
20220616 121900;11367.5;11368.25;11360.75;11362.5;675
20220616 122000;11362.25;11362.75;11351.5;11354.5;606
20220616 122100;11354.75;11366;11354;11365.5;748
20220616 122200;11365.75;11374.75;11363.75;11368.5;512
20220616 122300;11367.75;11377.5;11365;11373.75;380
20220616 122400;11373.5;11381.25;11370.5;11379;304
20220616 122500;11379.5;11386;11376.25;11383.25;474
20220616 122600;11383.25;11387.25;11374;11383.75;421
20220616 122700;11382.5;11384.5;11367;11372.25;346
20220616 122800;11371.75;11389.5;11370;11388;383
20220616 122900;11389;11393;11386.25;11390.25;382
20220616 123000;11390;11390.5;11370.75;11374.75;417
20220616 123100;11374.75;11395.75;11363;11388.25;1166
20220616 123200;11385.5;11398;11374;11391.75;1299
20220616 123300;11391;11392.5;11376.75;11382.75;546
20220616 123400;11382.5;11387;11375.75;11384.25;325
20220616 123500;11382.75;11392.5;11382;11386.25;401
20220616 123600;11386.5;11408;11378;11402.75;1060
20220616 123700;11402;11413.25;11401.75;11408.5;726
20220616 123800;11408.5;11420.75;11401;11418;815
20220616 123900;11417.25;11424.75;11411.5;11416.75;1212
20220616 124000;11415.75;11415.75;11406.5;11410;379
20220616 124100;11410.75;11412.5;11400.25;11402.25;464
20220616 124200;11402;11403.25;11394;11400.25;421
20220616 124300;11400.25;11402.25;11386.75;11391.25;521
20220616 124400;11391.5;11398.5;11377.25;11397;520
20220616 124500;11397.5;11397.75;11378.5;11382;369
20220616 124600;11381.5;11391;11380.5;11384;348
20220616 124700;11383.75;11387;11370.5;11370.75;435
20220616 124800;11370.25;11373.5;11362.75;11367.25;637
20220616 124900;11368;11369;11363.75;11366.5;293
20220616 125000;11365.5;11371;11363.25;11369.25;294
20220616 125100;11368.5;11376.75;11367.5;11370.25;348
20220616 125200;11371;11371.75;11363.5;11366.5;239
20220616 125300;11366;11375.5;11364.25;11374.75;199
20220616 125400;11373.75;11378.5;11368.5;11376.5;285
20220616 125500;11377.25;11379.5;11367.5;11369.25;215
20220616 125600;11368.25;11374;11367.25;11368.25;177
20220616 125700;11368;11370;11362.25;11363.25;299
20220616 125800;11363.25;11365;11351.75;11353.5;501
20220616 125900;11354;11356.75;11350.75;11355.25;363
20220616 130000;11355.5;11359.5;11352.5;11357.5;199
20220616 130100;11357.75;11361;11352.5;11353.25;318
20220616 130200;11353.5;11354;11346.75;11350.25;414
20220616 130300;11350;11370;11348.75;11368.25;634
20220616 130400;11368;11375;11366;11371.25;453
20220616 130500;11371.75;11372.25;11356;11359;354
20220616 130600;11359.5;11362.5;11351.25;11352;227
20220616 130700;11351.75;11354;11342.5;11344.25;412
20220616 130800;11343.5;11349.25;11341;11343.25;350
20220616 130900;11343.75;11351.25;11341.5;11350;279
20220616 131000;11349;11357;11346.75;11352.75;283
20220616 131100;11354;11357;11351.75;11351.75;223
20220616 131200;11351.25;11352.5;11347.5;11347.75;200
20220616 131300;11347.75;11351.75;11341.25;11342.25;302
20220616 131400;11342.75;11352.25;11339.75;11352.25;262
20220616 131500;11351.25;11351.75;11346.5;11349.25;159
20220616 131600;11349.75;11352.25;11340.5;11344;235
20220616 131700;11344.25;11346;11337.25;11338.25;357
20220616 131800;11338.75;11344.75;11338.75;11341.25;222
20220616 131900;11341.25;11343;11337.5;11343;202
20220616 132000;11344.25;11350.25;11339.5;11340.75;412
20220616 132100;11341;11346.75;11336.5;11337.75;400
20220616 132200;11337.75;11340.5;11331.5;11333.75;489
20220616 132300;11334.5;11335.25;11331.75;11333.25;295
20220616 132400;11333.75;11335.25;11331.5;11332.75;240
20220616 132500;11332.75;11334;11329;11331;416
20220616 132600;11330.75;11331.5;11323;11323.75;608
20220616 132700;11323.75;11329.5;11319.5;11329;402
20220616 132800;11329;11339.75;11321.75;11323.5;935
20220616 132900;11324.75;11334.75;11322.5;11330.75;506
20220616 133000;11331.25;11332;11324.25;11330;819
20220616 133100;11329.5;11331;11309;11325;4894
20220616 133200;11325.5;11349;11325;11334.25;3496
20220616 133300;11333.5;11349.75;11324.75;11343.75;2586
20220616 133400;11343.5;11346.5;11295.25;11295.25;3335
20220616 133500;11296;11299.75;11277.5;11286;3151
20220616 133600;11285.5;11306.25;11278;11303.25;2814
20220616 133700;11303;11321.75;11293.75;11308.5;2890
20220616 133800;11307.5;11314.5;11296.75;11302;1926
20220616 133900;11301.25;11302.5;11271.5;11272;2871
20220616 134000;11271.75;11292;11261.5;11285.75;2979
20220616 134100;11286.25;11294;11271.5;11276.25;2334
20220616 134200;11277.5;11281.5;11268;11277.75;1633
20220616 134300;11278.25;11314.75;11278.25;11294;2862
20220616 134400;11294;11306;11275.5;11279.25;1928
20220616 134500;11278.75;11288.5;11272;11280.5;2001
20220616 134600;11281.5;11323;11272.25;11313;4458
20220616 134700;11314.75;11338.25;11297;11335.75;2503
20220616 134800;11334.25;11348;11321.25;11321.75;2159
20220616 134900;11323;11332.75;11314.5;11327;1630
20220616 135000;11327.25;11334.25;11306.5;11310.5;2072
20220616 135100;11310;11311.25;11283.25;11287.25;2935
20220616 135200;11287.5;11292.5;11276.25;11281;1946
20220616 135300;11280.5;11288;11274.5;11281.5;1677
20220616 135400;11281.75;11284.75;11266.5;11267.5;1766
20220616 135500;11266.75;11271.25;11255.25;11268.25;2915
20220616 135600;11267.75;11283.25;11259.5;11260.75;2014
20220616 135700;11260.5;11267.25;11253.5;11259;1808
20220616 135800;11258.75;11274.75;11252.75;11273.5;1976
20220616 135900;11273.25;11290.75;11268;11284.25;2670
20220616 140000;11284.25;11286;11266.25;11266.75;2035
20220616 140100;11267.25;11267.25;11241.75;11242;3133
20220616 140200;11242.25;11261;11234;11260.25;2876
20220616 140300;11260.25;11260.5;11244.5;11247;2332
20220616 140400;11246.25;11260.25;11237.75;11242.5;2787
20220616 140500;11242.5;11249.75;11232.25;11234.25;2805
20220616 140600;11234.25;11236;11218.5;11226;2760
20220616 140700;11225.25;11244.25;11223.5;11231.25;2382
20220616 140800;11230.5;11235.25;11216.5;11219.5;1803
20220616 140900;11219;11225.5;11206;11219.5;3406
20220616 141000;11219.5;11229.5;11213.75;11229.5;1445
20220616 141100;11228.75;11230;11214;11216;2036
20220616 141200;11215.25;11218.5;11205;11210.25;1733
20220616 141300;11209.5;11216.25;11205;11210.5;1427
20220616 141400;11211.25;11229.25;11211.25;11218.75;1790
20220616 141500;11218.75;11234.5;11207.75;11208.25;1744
20220616 141600;11208;11219.25;11203;11219;2461
20220616 141700;11218.5;11227.75;11214.75;11224.75;1498
20220616 141800;11225;11239.75;11223.5;11234.5;2133
20220616 141900;11234.75;11241;11222;11225;2059
20220616 142000;11224.25;11224.5;11206.25;11207;1972
20220616 142100;11206.5;11217.5;11203;11206;1667
20220616 142200;11205.75;11228.5;11203.5;11221;1490
20220616 142300;11221;11235.75;11219.25;11223.5;1644
20220616 142400;11223.25;11240;11222;11236;1511
20220616 142500;11235.5;11247.5;11233.5;11237.75;1828
20220616 142600;11237;11253;11231.75;11242.5;1761
20220616 142700;11242;11253.5;11237;11238.5;1650
20220616 142800;11238.25;11242.25;11222.25;11230;1774
20220616 142900;11229.5;11240.25;11223.75;11232;1074
20220616 143000;11231.75;11246;11229.25;11238;1077
20220616 143100;11238.75;11239.5;11216.25;11221.5;1573
20220616 143200;11220.75;11235.25;11215.5;11225.5;1051
20220616 143300;11225;11229.25;11216.25;11227.75;1481
20220616 143400;11227.25;11244.5;11226.5;11236;1408
20220616 143500;11235.5;11236;11220.75;11221.5;1145
20220616 143600;11221;11224.5;11205;11205.75;1930
20220616 143700;11205.75;11219;11197.75;11198.5;2581
20220616 143800;11199.25;11216;11198;11213.25;1506
20220616 143900;11213.5;11213.5;11195.75;11200.25;1572
20220616 144000;11200.5;11204;11187.5;11189.5;2120
20220616 144100;11189.25;11189.25;11178;11179;1972
20220616 144200;11178.75;11188;11175.75;11182;2416
20220616 144300;11181.75;11182;11171.75;11175.5;2231
20220616 144400;11175;11186.25;11167.5;11168;1830
20220616 144500;11167.75;11170;11154.5;11157;2692
20220616 144600;11157;11157.75;11149;11151.25;1677
20220616 144700;11150.75;11158.75;11147.5;11149;1798
20220616 144800;11148.75;11156.25;11145.75;11155.5;1575
20220616 144900;11155.5;11156.25;11144.25;11145.25;1150
20220616 145000;11145.75;11150;11136.5;11136.75;1913
20220616 145100;11137.25;11145.25;11130.75;11132.5;2151
20220616 145200;11132.5;11138.75;11130.75;11136;1368
20220616 145300;11136.5;11142.5;11133.25;11139;1442
20220616 145400;11138.75;11142;11128.75;11139;1639
20220616 145500;11139;11157.25;11139;11150.5;2047
20220616 145600;11150.25;11156.75;11146.25;11154.25;1416
20220616 145700;11154.5;11164.25;11151.5;11163.75;1354
20220616 145800;11163.5;11167;11152.5;11155.75;1207
20220616 145900;11155.75;11159.25;11153.75;11158;806
20220616 150000;11158;11160.25;11141.25;11142.75;1682
20220616 150100;11143.25;11167.75;11138.75;11167.25;1913
20220616 150200;11167;11175.25;11159.5;11173.25;2036
20220616 150300;11173.25;11177;11165.25;11169.5;1166
20220616 150400;11169.75;11172.25;11164.25;11166.25;749
20220616 150500;11166.75;11171.5;11164;11166.75;803
20220616 150600;11165.75;11169;11152.75;11158;1239
20220616 150700;11158;11166.75;11157.75;11163;830
20220616 150800;11163.25;11168.75;11154;11158.5;987
20220616 150900;11158.25;11161.75;11152.25;11153.25;685
20220616 151000;11153.25;11176.75;11153;11175.25;1389
20220616 151100;11175.75;11181.5;11170.25;11181;1441
20220616 151200;11180.25;11203.5;11176;11195;3235
20220616 151300;11195;11214;11193.25;11202;2231
20220616 151400;11201.75;11215.25;11199.75;11213.5;2109
20220616 151500;11212;11216.5;11201.75;11216;1677
20220616 151600;11216;11226.25;11202.75;11225.5;2221
20220616 151700;11225.75;11227;11213.75;11217.25;1525
20220616 151800;11216.75;11217;11198.5;11203.25;1629
20220616 151900;11203;11213.75;11201.25;11212.25;1220
20220616 152000;11211.5;11212;11194.5;11200.75;1149
20220616 152100;11200;11203.5;11188.75;11191;1106
20220616 152200;11190.75;11197.25;11181;11192.5;1244
20220616 152300;11192.25;11199.25;11189.5;11198.25;1146
20220616 152400;11198;11215.25;11197.75;11215.25;1115
20220616 152500;11214.5;11217;11205.25;11206.5;903
20220616 152600;11205.75;11226.75;11202;11219.25;2183
20220616 152700;11219.5;11227.75;11214.25;11224.75;1217
20220616 152800;11225;11240;11224;11237.75;1719
20220616 152900;11238;11240;11226.25;11232.5;1419
20220616 153000;11232;11232.5;11213.5;11216.25;1132
20220616 153100;11216.75;11221.25;11199;11203.5;1757
20220616 153200;11203.25;11213.5;11194.75;11213.5;1427
20220616 153300;11213;11215.75;11202.75;11204.75;1051
20220616 153400;11204.5;11210.5;11196.75;11196.75;900
20220616 153500;11197.5;11200.75;11192.75;11195;817
20220616 153600;11194.5;11195.75;11187;11191;936
20220616 153700;11190.75;11191.5;11184;11186;690
20220616 153800;11185.25;11191.75;11181.25;11189.75;646
20220616 153900;11190;11202.5;11188.25;11201.75;1190
20220616 154000;11201.25;11204.75;11197.25;11199.5;1114
20220616 154100;11200;11204.5;11190.5;11191.5;1594
20220616 154200;11191.75;11193;11175;11175.75;1129
20220616 154300;11175.25;11175.25;11156.25;11157;1901
20220616 154400;11156.75;11165.25;11155.75;11157.5;1209
20220616 154500;11157;11170.25;11156.75;11169.25;904
20220616 154600;11169.25;11170.5;11158;11159.25;830
20220616 154700;11159.25;11171;11158;11163.5;910
20220616 154800;11163.75;11165.75;11156.5;11159.5;737
20220616 154900;11160;11161.5;11154;11157;922
20220616 155000;11158;11170;11153;11168.25;947
20220616 155100;11169;11175.5;11163;11163;1035
20220616 155200;11163.5;11164;11147.25;11156.75;1103
20220616 155300;11158;11165.5;11154;11155.5;968
20220616 155400;11156;11162.25;11152.5;11161;655
20220616 155500;11159.75;11166.75;11154.5;11158;637
20220616 155600;11158;11162.75;11153.5;11158.75;652
20220616 155700;11157.75;11171.5;11155.5;11164.75;1001
20220616 155800;11164.75;11177.5;11163.25;11169.25;1048
20220616 155900;11169;11179;11167;11171.75;1102
20220616 160000;11173;11192.5;11173;11191.75;1351
20220616 160100;11191.75;11194.5;11181.25;11188.5;1297
20220616 160200;11188.25;11196.5;11173.5;11175.25;1692
20220616 160300;11175.75;11180.5;11165.75;11167;930
20220616 160400;11167;11179.5;11164.75;11174.5;830
20220616 160500;11174.25;11179.75;11167.5;11168.5;769
20220616 160600;11168.75;11171.5;11162;11166;979
20220616 160700;11165.5;11173.75;11156.5;11160;987
20220616 160800;11159.75;11161.5;11150.25;11151.75;1116
20220616 160900;11151.75;11154;11145.25;11148;1129
20220616 161000;11148;11151;11144.75;11145.5;712
20220616 161100;11146.25;11164.5;11144.25;11163.75;1115
20220616 161200;11162.25;11169;11145.5;11146.5;1054
20220616 161300;11145.75;11153;11143.5;11151.75;990
20220616 161400;11151.5;11154.75;11145.25;11146.5;630
20220616 161500;11146.5;11149.25;11143.25;11145.5;540
20220616 161600;11145.75;11155;11144.75;11154.75;715
20220616 161700;11154.5;11160.75;11148;11151.5;848
20220616 161800;11151.5;11162.5;11147.25;11160.25;942
20220616 161900;11160.5;11172;11159.75;11164;1117
20220616 162000;11164;11164.75;11156.25;11157.75;863
20220616 162100;11156.75;11167.5;11149.5;11166.5;1024
20220616 162200;11165.75;11174.75;11165.5;11166.5;874
20220616 162300;11166.25;11170.75;11161;11162.5;492
20220616 162400;11162;11162;11155.5;11156.25;494
20220616 162500;11156;11164.75;11154.5;11161.5;649
20220616 162600;11162.25;11169;11156.75;11164;748
20220616 162700;11164.25;11175;11164.25;11173.75;891
20220616 162800;11173.75;11185.75;11165.25;11169.75;1248
20220616 162900;11168.5;11178;11165.5;11171.75;532
20220616 163000;11172.5;11198.75;11172.5;11192.25;1412
20220616 163100;11193;11198.25;11179;11181.75;1431
20220616 163200;11181.5;11182.25;11164.5;11165;1078
20220616 163300;11166;11180.5;11165.5;11180.5;836
20220616 163400;11180.25;11188.25;11179.5;11188.25;907
20220616 163500;11187.75;11194.5;11181.25;11184;1056
20220616 163600;11182.5;11182.5;11167.25;11168.5;827
20220616 163700;11167.75;11168.25;11154.75;11159.25;1019
20220616 163800;11159.25;11167;11158.5;11165.75;693
20220616 163900;11166.25;11177;11162.5;11177;730
20220616 164000;11177;11180.75;11170;11173.5;973
20220616 164100;11173.25;11185.5;11170.25;11183.25;721
20220616 164200;11182.75;11188.5;11172.25;11173.5;705
20220616 164300;11173.25;11178.75;11167;11175.25;844
20220616 164400;11176;11181.25;11173;11180;553
20220616 164500;11179.5;11207;11179.25;11196.75;1623
20220616 164600;11197.25;11201;11185;11192.75;852
20220616 164700;11193.25;11208.75;11193;11201;1005
20220616 164800;11201.75;11203.25;11187;11189;970
20220616 164900;11189;11204.5;11188.5;11204.5;1094
20220616 165000;11204.5;11213;11198.25;11206.5;1811
20220616 165100;11205;11207.25;11198.25;11206.75;600
20220616 165200;11206.25;11212.25;11198;11198.5;1071
20220616 165300;11198.75;11211;11188.75;11211;1387
20220616 165400;11211.25;11214;11192.75;11193;846
20220616 165500;11194;11203;11192;11192.5;651
20220616 165600;11192.75;11193.5;11178.25;11183.5;1208
20220616 165700;11183.25;11188.25;11179.25;11185.5;746
20220616 165800;11185.5;11190.25;11181;11187.5;717
20220616 165900;11187.25;11191.25;11181.5;11183;453
20220616 170000;11182.75;11195.5;11173.5;11194.75;1460
20220616 170100;11196;11206;11190;11199.5;1265
20220616 170200;11199;11215.5;11198;11210;1044
20220616 170300;11209.5;11216.25;11198.75;11208;861
20220616 170400;11208.5;11210.75;11193;11194;823
20220616 170500;11194;11194.5;11182;11188.5;999
20220616 170600;11189;11196;11187;11190.25;754
20220616 170700;11190.75;11193.75;11178.25;11193.5;868
20220616 170800;11194;11220.25;11192.5;11218.75;1787
20220616 170900;11219;11225.75;11211.5;11214;1390
20220616 171000;11213.75;11215.25;11206.5;11213;1104
20220616 171100;11214;11216;11199.25;11201;846
20220616 171200;11200.5;11213.75;11196.25;11208.25;786
20220616 171300;11208.75;11215;11202;11203.25;693
20220616 171400;11202.25;11204.75;11192;11199;968
20220616 171500;11198.5;11206.75;11193.5;11202.5;652
20220616 171600;11203;11208;11199.5;11205.25;602
20220616 171700;11204.75;11204.75;11194.25;11199;665
20220616 171800;11197.75;11211.75;11197.5;11206.25;809
20220616 171900;11205.5;11215;11204.75;11208;675
20220616 172000;11207.5;11208;11193.25;11194.25;750
20220616 172100;11194.25;11197.5;11183.75;11190.5;1152
20220616 172200;11190;11190.75;11177.25;11177.25;1128
20220616 172300;11177;11187;11174.25;11179.5;957
20220616 172400;11179.25;11184.25;11171.5;11173.25;732
20220616 172500;11173;11177.5;11171;11175;630
20220616 172600;11174.5;11175.75;11167.25;11173.75;887
20220616 172700;11173.75;11183.25;11173;11181;828
20220616 172800;11180;11202.75;11173.25;11188;1466
20220616 172900;11187.25;11228.75;11185.5;11228.75;2620
20220616 173000;11228.25;11234.75;11211.25;11215.25;1834
20220616 173100;11215.75;11229.75;11198.5;11224.25;1717
20220616 173200;11223.5;11230;11202.75;11206.5;1585
20220616 173300;11207;11209;11187.25;11209;1520
20220616 173400;11208.75;11217.25;11206;11207.5;1205
20220616 173500;11207.75;11213.5;11199.25;11210.75;939
20220616 173600;11211;11214.75;11193.75;11196.5;1017
20220616 173700;11196.5;11202.25;11185.75;11187.25;1132
20220616 173800;11186.5;11195.5;11181.5;11194.75;1025
20220616 173900;11194.75;11198.5;11182;11196;910
20220616 174000;11196.25;11205;11190.25;11200.5;927
20220616 174100;11200.25;11207;11183.5;11183.5;1233
20220616 174200;11183.5;11190.5;11180.75;11184.5;741
20220616 174300;11185;11191;11177.5;11186.75;980
20220616 174400;11186.5;11188;11171.75;11172;912
20220616 174500;11171.5;11178;11160.25;11164.5;1176
20220616 174600;11164.5;11166.75;11156.25;11165.75;1171
20220616 174700;11166;11166.75;11155.25;11156.25;814
20220616 174800;11156.5;11158.5;11146.25;11151.75;1871
20220616 174900;11151.25;11159.5;11147;11155.75;914
20220616 175000;11155.5;11159.75;11148.5;11159.5;652
20220616 175100;11159;11163.25;11146.5;11149.25;1439
20220616 175200;11149.25;11154;11143.75;11146;1032
20220616 175300;11146;11150.5;11143.25;11144.5;679
20220616 175400;11144.5;11154;11143.75;11149.25;830
20220616 175500;11149.5;11152.25;11145;11151.5;584
20220616 175600;11150.75;11153.75;11143.25;11143.75;749
20220616 175700;11143.75;11150.75;11136.75;11145;1307
20220616 175800;11144.75;11149.25;11138.75;11139.25;756
20220616 175900;11138.75;11139;11123.75;11124.25;1842
20220616 180000;11123.75;11131;11112.75;11113.75;1727
20220616 180100;11114;11120.25;11111;11114.25;1563
20220616 180200;11114;11132;11113.25;11129;1481
20220616 180300;11129;11129.75;11121.25;11121.25;1107
20220616 180400;11121.75;11136.25;11121.5;11130.75;1959
20220616 180500;11130.75;11134.5;11126;11127.25;946
20220616 180600;11127;11133;11119.5;11121.75;623
20220616 180700;11121.5;11123.5;11119;11121.75;553
20220616 180800;11121;11122.25;11108.25;11113.25;1619
20220616 180900;11113.5;11115.75;11102;11103.75;1161
20220616 181000;11103.5;11112;11103.5;11108.25;878
20220616 181100;11108;11115.75;11104.25;11105.5;1046
20220616 181200;11105;11116.75;11104.5;11107;1610
20220616 181300;11106.75;11116;11106;11113;740
20220616 181400;11112.25;11115.5;11108;11114.5;1134
20220616 181500;11114.25;11122.5;11113.5;11118.25;921
20220616 181600;11118.75;11120.5;11108.25;11109.75;1195
20220616 181700;11110.75;11119.75;11108.75;11113;648
20220616 181800;11113.75;11114.75;11107.25;11109.75;707
20220616 181900;11109.75;11123.75;11107.75;11121.5;1139
20220616 182000;11121.25;11123.75;11114.5;11118.25;730
20220616 182100;11117.25;11123.25;11112.5;11114.5;537
20220616 182200;11115;11119.5;11112.5;11117.25;391
20220616 182300;11117;11120;11102;11105.25;1148
20220616 182400;11105.5;11107.75;11100;11104;1252
20220616 182500;11103.5;11108;11102.5;11103;610
20220616 182600;11103.25;11110.75;11101.25;11106.5;879
20220616 182700;11106.75;11110.25;11103.5;11105.25;793
20220616 182800;11104.75;11110;11101.75;11106.25;658
20220616 182900;11105.5;11105.5;11097.75;11099;787
20220616 183000;11099;11102.5;11096;11096;1082
20220616 183100;11096;11109.5;11094.25;11108.5;1715
20220616 183200;11108.5;11116.25;11108.25;11111;1218
20220616 183300;11110.5;11112;11097;11099;1040
20220616 183400;11098.75;11103.5;11093.25;11096;825
20220616 183500;11095.25;11104.75;11095.25;11103.5;641
20220616 183600;11103.5;11107.75;11095;11097;770
20220616 183700;11096.25;11107;11092.5;11103.25;829
20220616 183800;11103.25;11107.25;11096.25;11103.75;562
20220616 183900;11103.75;11116;11102.25;11108;1063
20220616 184000;11107.75;11115.75;11103;11110;773
20220616 184100;11109.25;11133;11106.5;11126.75;1977
20220616 184200;11127;11138;11126.25;11126.25;1561
20220616 184300;11126.75;11127.5;11119.75;11121.75;1207
20220616 184400;11120.5;11123;11116.25;11118.75;700
20220616 184500;11118.5;11120.75;11110.25;11117.75;932
20220616 184600;11118;11127.25;11112.25;11122.5;1042
20220616 184700;11122.5;11125.5;11111;11111.25;885
20220616 184800;11111;11111.5;11100.75;11103.25;935
20220616 184900;11103.75;11104;11081.25;11083.25;2477
20220616 185000;11083.25;11085.25;11074.25;11076.5;1749
20220616 185100;11076.75;11086.75;11073.75;11081.25;2026
20220616 185200;11080.75;11084.5;11075.75;11078.25;940
20220616 185300;11078.25;11084.25;11074;11081.25;1183
20220616 185400;11080.75;11081.25;11070.25;11071.25;950
20220616 185500;11071;11076.75;11068.75;11073.25;1183
20220616 185600;11073;11079.25;11068.5;11078;1089
20220616 185700;11077.5;11092.25;11077.5;11091.5;1533
20220616 185800;11091.5;11093.25;11083.25;11084.5;1329
20220616 185900;11084;11091;11081.75;11086.25;859
20220616 190000;11086;11097.5;11084.75;11096.5;1126
20220616 190100;11096;11119.75;11090.25;11119;2777
20220616 190200;11118.5;11142;11111;11141.5;2851
20220616 190300;11141.25;11142.25;11129.25;11135.75;1242
20220616 190400;11135.5;11141.25;11126.5;11140.5;1268
20220616 190500;11140.75;11152.5;11136.25;11137.25;1978
20220616 190600;11137.75;11138.75;11122.75;11126.5;1494
20220616 190700;11127.25;11134;11114.5;11132.75;1869
20220616 190800;11132.5;11138;11126.5;11135.25;1535
20220616 190900;11136;11138.75;11128.75;11137.75;1468
20220616 191000;11138;11159.25;11129;11157.25;2233
20220616 191100;11156.5;11174;11154.75;11160.25;2312
20220616 191200;11161.25;11163;11154.5;11156.5;1119
20220616 191300;11156.5;11159;11142;11145;1981
20220616 191400;11144.75;11144.75;11128.75;11129.5;1727
20220616 191500;11128.5;11142.75;11124;11133;2184
20220616 191600;11132.75;11132.75;11115;11117;1249
20220616 191700;11116.5;11128.5;11114;11123.5;1649
20220616 191800;11123.25;11139.75;11121.25;11138.75;1223
20220616 191900;11138.5;11139;11124.25;11129.25;920
20220616 192000;11129.25;11149;11126.5;11148.25;992
20220616 192100;11148;11165;11145;11156.5;2145
20220616 192200;11157;11160.25;11147.25;11148.25;1113
20220616 192300;11147.75;11153.5;11143;11143.75;1018
20220616 192400;11144.75;11160.75;11142;11157.75;1160
20220616 192500;11157;11161.5;11149.75;11150.5;810
20220616 192600;11150.25;11158;11144.75;11158;983
20220616 192700;11157.25;11167.75;11156.5;11162.75;1053
20220616 192800;11163.25;11181.25;11163;11170.75;1373
20220616 192900;11171.25;11180.5;11168;11170.25;1264
20220616 193000;11169.5;11171.75;11159.5;11163.25;1445
20220616 193100;11163.5;11169.25;11154;11165;1356
20220616 193200;11164.75;11168;11154;11156.75;905
20220616 193300;11156.75;11156.75;11134.75;11144.25;1482
20220616 193400;11144.5;11145.25;11133.5;11140.25;1094
20220616 193500;11139.5;11139.5;11110.5;11111.25;1933
20220616 193600;11111.5;11119.25;11109.75;11118.5;1292
20220616 193700;11118.25;11132;11117.5;11130.5;1208
20220616 193800;11130.25;11138;11125;11128.25;1421
20220616 193900;11128;11133.75;11115.5;11133;1260
20220616 194000;11132.25;11138;11126.25;11131.5;937
20220616 194100;11131.25;11160.25;11129.5;11158.75;1677
20220616 194200;11158.5;11166.25;11133.25;11135;1474
20220616 194300;11133.75;11141.5;11125.5;11139.75;1338
20220616 194400;11139.75;11140;11129;11129.25;1221
20220616 194500;11129;11129.5;11116;11116.25;1369
20220616 194600;11117;11130.75;11110.25;11125;1853
20220616 194700;11125;11126.25;11105;11105.75;1264
20220616 194800;11105.75;11115.75;11103.25;11104.25;1585
20220616 194900;11104;11114.5;11098.75;11100.5;1626
20220616 195000;11100.5;11100.75;11090.5;11098.25;1506
20220616 195100;11098.25;11118;11097.5;11116.75;3054
20220616 195200;11117;11119.75;11100.75;11102.75;1390
20220616 195300;11102;11134;11101.5;11127.25;2986
20220616 195400;11127;11130.5;11113.5;11117;2280
20220616 195500;11117.75;11127.5;11102.25;11126.25;3011
20220616 195600;11126.25;11133.25;11118.5;11130.25;2680
20220616 195700;11130;11150.75;11129.75;11141.25;2708
20220616 195800;11141.75;11154.75;11139.75;11152.5;2595
20220616 195900;11152.5;11157;11144.25;11152;3886
20220616 200000;11152.5;11171.75;11145.75;11166.75;13732
20220616 200100;11166;11172.5;11145;11172;3526
20220616 200200;11171.5;11182.5;11169.25;11169.25;2123
20220616 200300;11169.75;11175.5;11168.5;11171.75;1273
20220616 200400;11172;11177.25;11165.25;11168.5;1558
20220616 200500;11168.75;11173.75;11167;11169.5;1426
20220616 200600;11169.5;11186.25;11166.75;11186;1297
20220616 200700;11185.25;11198;11183.25;11192.75;1454
20220616 200800;11192.25;11193;11185;11185.5;843
20220616 200900;11185.5;11189.75;11181;11181.75;876
20220616 201000;11181.5;11181.5;11155.25;11158.25;1640
20220616 201100;11158;11168.5;11154.75;11167;1167
20220616 201200;11167.5;11174.5;11162.5;11173;519
20220616 201300;11172.75;11186;11172.5;11182;914
20220616 201400;11181.25;11189.5;11175.5;11189.25;772
20220616 201500;11188.75;11197.75;11187.75;11197.25;1540
20220616 201600;11198;11202;11183.5;11187.75;840
20220616 201700;11188;11191.5;11174.5;11191.5;1051
20220616 201800;11191.75;11195.5;11186.5;11186.5;275
20220616 201900;11186.25;11186.75;11181;11183.5;154
20220616 202000;11183.5;11183.75;11170.75;11174;450
20220616 202100;11174;11176.5;11172;11173;203
20220616 202200;11173.25;11176.75;11171.25;11171.5;139
20220616 202300;11172;11175.75;11171.5;11174.75;99
20220616 202400;11173.5;11175.75;11170.25;11175;128
20220616 202500;11175;11178.25;11172.5;11175.25;185
20220616 202600;11177;11179.25;11174;11174;94
20220616 202700;11173.5;11187.25;11172.5;11187.25;160
20220616 202800;11187.5;11187.5;11182.5;11186;134
20220616 202900;11186.75;11189.25;11186.5;11188.5;108
20220616 203000;11188.75;11190.5;11187.75;11189.75;65
20220616 203100;11190.25;11193.5;11186.75;11188.25;232
20220616 203200;11187.75;11189.75;11186.5;11188.25;99
20220616 203300;11188.5;11188.75;11185.5;11186.75;96
20220616 203400;11187.25;11189.5;11186.75;11188;56
20220616 203500;11188;11189.75;11184;11184;118
20220616 203600;11184.5;11187.5;11184.5;11187.25;110
20220616 203700;11185.75;11186.25;11184.75;11185.25;77
20220616 203800;11184.5;11187;11182.25;11182.75;121
20220616 203900;11183;11185.5;11182.25;11185;111
20220616 204000;11185.25;11185.5;11180.25;11181.25;88
20220616 204100;11181.25;11182;11178.25;11179.5;61
20220616 204200;11179.25;11182.5;11178.75;11179.5;82
20220616 204300;11179.5;11181;11179;11180.75;32
20220616 204400;11181.25;11184;11180.25;11181.5;142
20220616 204500;11181.75;11184.25;11180.25;11181.25;89
20220616 204600;11181.75;11186.5;11181;11184.5;88
20220616 204700;11185.25;11191;11183;11187.75;162
20220616 204800;11186.75;11195;11186.75;11195;110
20220616 204900;11195.25;11199.75;11193.25;11197.5;165
20220616 205000;11198;11199.5;11193.5;11196.75;149
20220616 205100;11197.25;11201.25;11196;11199;122
20220616 205200;11198.75;11200.5;11196;11198;163
20220616 205300;11197.75;11200.5;11197;11199.25;52
20220616 205400;11200;11206.75;11199.75;11205.5;143
20220616 205500;11205.5;11208;11204.25;11205;149
20220616 205600;11205.5;11208.75;11202.75;11205.25;157
20220616 205700;11204.75;11205;11198.5;11199.75;130
20220616 205800;11200;11201.5;11197;11199.75;156
20220616 205900;11200;11206.25;11200;11204.5;107
20220616 210000;11204.5;11205.75;11202.25;11204.25;145
